500
 4.00000e+01
 6.10357e+00  3.83627e+00  0.00000e+00  0.00000e+00  8.04789e+01
 6.00033e+00  3.99895e+00  0.00000e+00  0.00000e+00  2.77796e+01
 5.99765e+00  4.00397e+00  0.00000e+00  0.00000e+00  3.49997e+01
 5.92029e+00  3.97204e+00  0.00000e+00  0.00000e+00  6.65984e+01
 5.96114e+00  4.04430e+00  0.00000e+00  0.00000e+00  9.57007e+01
 6.01497e+00  3.99124e+00  0.00000e+00  0.00000e+00  7.45567e+01
 6.01456e+00  4.01795e+00  0.00000e+00  0.00000e+00  1.14671e+01
 6.11523e+00  6.53257e+00  0.00000e+00  0.00000e+00  8.23759e+01
 6.10047e+00  4.15108e+00  0.00000e+00  0.00000e+00  2.16811e+01
 6.00036e+00  4.00029e+00  0.00000e+00  0.00000e+00  2.96431e+01
 5.99774e+00  3.99982e+00  0.00000e+00  0.00000e+00  6.51376e+01
 5.99516e+00  4.01632e+00  0.00000e+00  0.00000e+00  5.71858e+01
 5.99940e+00  4.00002e+00  0.00000e+00  0.00000e+00  3.63265e+01
 6.00677e+00  3.94888e+00  0.00000e+00  0.00000e+00  7.92922e+01
 5.99891e+00  4.00079e+00  0.00000e+00  0.00000e+00  3.54983e+01
 5.99814e+00  4.00249e+00  0.00000e+00  0.00000e+00  9.27124e+01
 6.00068e+00  4.00032e+00  0.00000e+00  0.00000e+00  5.73396e+01
 7.25445e+00  4.75269e+00  0.00000e+00  0.00000e+00  6.96904e+01
 6.23500e+00  3.80505e+00  0.00000e+00  0.00000e+00  1.57754e+01
 6.10204e+00  4.01290e+00  0.00000e+00  0.00000e+00  1.56786e+01
 6.00005e+00  4.00061e+00  0.00000e+00  0.00000e+00  9.11987e+01
 6.41014e+00  3.43912e+00  0.00000e+00  0.00000e+00  5.85784e+01
 5.99647e+00  4.00353e+00  0.00000e+00  0.00000e+00  5.61282e+01
 5.97563e+00  3.95735e+00  0.00000e+00  0.00000e+00  1.35352e+01
 5.99917e+00  4.00034e+00  0.00000e+00  0.00000e+00  9.37729e+01
 5.89295e+00  3.42737e+00  0.00000e+00  0.00000e+00  7.64681e+01
 5.81467e+00  3.77696e+00  0.00000e+00  0.00000e+00  7.19075e+01
 6.06184e+00  4.10591e+00  0.00000e+00  0.00000e+00  8.92068e+01
 6.17462e+00  3.67653e+00  0.00000e+00  0.00000e+00  3.06071e+01
 6.23532e+00  3.81249e+00  0.00000e+00  0.00000e+00  7.18003e+01
 6.02671e+00  3.99242e+00  0.00000e+00  0.00000e+00  6.91574e+01
 6.07755e+00  3.90412e+00  0.00000e+00  0.00000e+00  9.31573e+01
 5.99768e+00  4.00173e+00  0.00000e+00  0.00000e+00  7.15797e+01
 6.06791e+00  3.95721e+00  0.00000e+00  0.00000e+00  2.94242e+01
 6.00096e+00  3.99969e+00  0.00000e+00  0.00000e+00  2.32894e+01
 6.01203e+00  3.98879e+00  0.00000e+00  0.00000e+00  4.88758e+01
 5.55953e+00  3.59010e+00  0.00000e+00  0.00000e+00  8.07402e+01
 5.95968e+00  4.10710e+00  0.00000e+00  0.00000e+00  3.03496e+01
 6.24187e+00  4.58327e+00  0.00000e+00  0.00000e+00  6.00799e+01
 4.41386e+00  4.92077e+00  0.00000e+00  0.00000e+00  9.16124e+01
 8.25999e+00  5.71063e+00  0.00000e+00  0.00000e+00  5.45900e+01
 6.00003e+00  3.99947e+00  0.00000e+00  0.00000e+00  9.41504e+01
 5.91282e+00  3.80162e+00  0.00000e+00  0.00000e+00  7.74794e+01
 5.64239e+00  4.38820e+00  0.00000e+00  0.00000e+00  3.09035e+01
 5.25063e+00  3.56194e+00  0.00000e+00  0.00000e+00  2.37151e+01
 5.67423e+00  1.16720e+00  0.00000e+00  0.00000e+00  8.14123e+01
 6.00299e+00  4.00498e+00  0.00000e+00  0.00000e+00  1.67077e+01
 1.16200e+01  2.15919e+00  0.00000e+00  0.00000e+00  5.69407e+01
 6.40589e+00  4.81068e+00  0.00000e+00  0.00000e+00  8.18018e+01
 5.99844e+00  3.98601e+00  0.00000e+00  0.00000e+00  9.70665e+01
 5.99678e+00  3.99615e+00  0.00000e+00  0.00000e+00  1.84132e+01
 6.03645e+00  4.04126e+00  0.00000e+00  0.00000e+00  1.70409e+01
 7.16930e+00  4.54907e+00  0.00000e+00  0.00000e+00  5.15278e+01
 6.01365e+00  3.97065e+00  0.00000e+00  0.00000e+00  7.80023e+01
 7.95492e+00  4.66127e+00  0.00000e+00  0.00000e+00  9.99994e+01
 6.00039e+00  4.00131e+00  0.00000e+00  0.00000e+00  2.12922e+01
 1.18233e+01  3.90095e+00  0.00000e+00  0.00000e+00  8.83486e+01
 1.46197e+01  8.20881e+00  0.00000e+00  0.00000e+00  9.30762e+01
 4.62978e+00  3.08643e+00  0.00000e+00  0.00000e+00  2.46818e+01
 5.99916e+00  4.00068e+00  0.00000e+00  0.00000e+00  8.37726e+01
 5.97480e+00  4.03089e+00  0.00000e+00  0.00000e+00  6.21487e+01
 5.99012e+00  4.00305e+00  0.00000e+00  0.00000e+00  1.89676e+01
 5.99495e+00  3.99902e+00  0.00000e+00  0.00000e+00  3.73866e+01
 6.03116e+00  3.99838e+00  0.00000e+00  0.00000e+00  8.89852e+01
 5.99970e+00  3.98144e+00  0.00000e+00  0.00000e+00  1.31879e+01
 5.99996e+00  3.99759e+00  0.00000e+00  0.00000e+00  9.32839e+01
 6.00172e+00  3.99824e+00  0.00000e+00  0.00000e+00  9.81491e+01
 5.99995e+00  3.99881e+00  0.00000e+00  0.00000e+00  9.85236e+01
 5.96533e+00  3.94005e+00  0.00000e+00  0.00000e+00  2.47571e+01
 6.00066e+00  3.99879e+00  0.00000e+00  0.00000e+00  1.69295e+01
 5.50534e+00  3.32473e+00  0.00000e+00  0.00000e+00  6.66532e+01
 6.00119e+00  4.00898e+00  0.00000e+00  0.00000e+00  3.85180e+01
 5.53143e+00  4.87024e+00  0.00000e+00  0.00000e+00  1.66745e+01
 5.28230e+00  3.20876e+00  0.00000e+00  0.00000e+00  6.86019e+01
 5.99279e+00  3.99786e+00  0.00000e+00  0.00000e+00  2.01952e+01
 5.97373e+00  4.00480e+00  0.00000e+00  0.00000e+00  9.49886e+01
 5.67035e+00  4.10554e+00  0.00000e+00  0.00000e+00  8.62916e+01
-2.86855e+00  7.88463e+00  0.00000e+00  0.00000e+00  4.10449e+01
 5.99804e+00  3.99861e+00  0.00000e+00  0.00000e+00  3.10503e+01
 5.96378e+00  3.92877e+00  0.00000e+00  0.00000e+00  5.33742e+01
 5.99727e+00  4.00761e+00  0.00000e+00  0.00000e+00  2.64300e+01
 1.19894e+00 -5.94851e-01  0.00000e+00  0.00000e+00  4.72585e+01
 5.99604e+00  3.98885e+00  0.00000e+00  0.00000e+00  6.73876e+01
 5.09701e+00  5.29449e+00  0.00000e+00  0.00000e+00  6.48195e+01
 5.99531e+00  3.99520e+00  0.00000e+00  0.00000e+00  3.95537e+01
 5.91741e+00  2.67884e+00  0.00000e+00  0.00000e+00  9.28823e+01
 5.99416e+00  3.98665e+00  0.00000e+00  0.00000e+00  3.31539e+01
 1.92211e+00  3.16430e+00  0.00000e+00  0.00000e+00  3.34447e+01
 6.00750e+00  3.99268e+00  0.00000e+00  0.00000e+00  1.84366e+01
 6.20587e+00  4.17298e+00  0.00000e+00  0.00000e+00  6.19021e+01
 5.98937e+00  3.99298e+00  0.00000e+00  0.00000e+00  3.59900e+01
 6.08878e+00  3.44787e+00  0.00000e+00  0.00000e+00  3.96678e+01
 6.00020e+00  4.00049e+00  0.00000e+00  0.00000e+00  1.03221e+01
 6.16899e+00  3.67826e+00  0.00000e+00  0.00000e+00  2.69381e+01
 5.99937e+00  4.00027e+00  0.00000e+00  0.00000e+00  9.27037e+01
 6.00084e+00  3.99083e+00  0.00000e+00  0.00000e+00  2.09029e+01
 5.91504e+00  3.80218e+00  0.00000e+00  0.00000e+00  7.96846e+01
 6.00103e+00  4.00342e+00  0.00000e+00  0.00000e+00  5.93238e+01
 5.99966e+00  4.00112e+00  0.00000e+00  0.00000e+00  9.18679e+01
 6.04809e+00  3.95102e+00  0.00000e+00  0.00000e+00  6.18580e+01
 6.33708e+00  4.55141e+00  0.00000e+00  0.00000e+00  8.78121e+01
 5.90321e+00  4.00478e+00  0.00000e+00  0.00000e+00  8.64048e+01
 5.45573e+00  4.01462e+00  0.00000e+00  0.00000e+00  2.62379e+01
 5.99720e+00  3.99367e+00  0.00000e+00  0.00000e+00  2.25152e+01
 5.94196e+00  3.95625e+00  0.00000e+00  0.00000e+00  8.54320e+01
 5.72510e+00  2.33972e+00  0.00000e+00  0.00000e+00  2.99769e+01
 3.02591e+00  4.03228e+00  0.00000e+00  0.00000e+00  2.24415e+01
 5.75188e+00  4.29893e+00  0.00000e+00  0.00000e+00  9.38706e+01
 6.01665e+00  3.98914e+00  0.00000e+00  0.00000e+00  8.53145e+01
 6.02892e+00  3.93617e+00  0.00000e+00  0.00000e+00  4.01475e+01
 5.98917e+00  4.00850e+00  0.00000e+00  0.00000e+00  6.47995e+01
 5.87854e+00  6.20068e+00  0.00000e+00  0.00000e+00  1.65291e+01
 6.01205e+00  4.00969e+00  0.00000e+00  0.00000e+00  4.27238e+01
 5.91370e+00  4.35337e+00  0.00000e+00  0.00000e+00  1.82034e+01
 5.99868e+00  4.01371e+00  0.00000e+00  0.00000e+00  7.85600e+01
 3.93193e+00  4.16695e+00  0.00000e+00  0.00000e+00  8.94733e+01
 5.96018e+00  3.96000e+00  0.00000e+00  0.00000e+00  2.87059e+01
 5.86809e+00  3.95036e+00  0.00000e+00  0.00000e+00  8.46945e+01
 5.31627e+00  4.53596e+00  0.00000e+00  0.00000e+00  3.93412e+01
 5.99778e+00  3.98331e+00  0.00000e+00  0.00000e+00  9.86360e+01
 5.99934e+00  4.00108e+00  0.00000e+00  0.00000e+00  2.22467e+01
-2.01719e+00  9.04699e+00  0.00000e+00  0.00000e+00  8.04954e+01
 6.07965e+00  3.47565e+00  0.00000e+00  0.00000e+00  2.03201e+01
 6.00489e+00  3.99446e+00  0.00000e+00  0.00000e+00  1.44246e+01
 5.99951e+00  4.00016e+00  0.00000e+00  0.00000e+00  7.37118e+01
 6.02134e+00  4.08484e+00  0.00000e+00  0.00000e+00  8.78663e+01
 9.07074e+00  6.05521e+00  0.00000e+00  0.00000e+00  4.44606e+01
 5.99554e+00  4.01327e+00  0.00000e+00  0.00000e+00  8.28186e+01
 1.00449e+01  8.39702e+00  0.00000e+00  0.00000e+00  1.48080e+01
 5.99608e+00  4.00107e+00  0.00000e+00  0.00000e+00  7.22869e+01
 3.15845e+00  5.07708e+00  0.00000e+00  0.00000e+00  6.30673e+01
 5.95597e+00  3.97639e+00  0.00000e+00  0.00000e+00  6.35541e+01
 5.69197e+00  4.36419e+00  0.00000e+00  0.00000e+00  8.99851e+01
 4.19006e+00  4.27103e+00  0.00000e+00  0.00000e+00  6.48756e+01
 5.97975e+00  3.99673e+00  0.00000e+00  0.00000e+00  6.36577e+01
 6.00026e+00  4.00248e+00  0.00000e+00  0.00000e+00  1.63081e+01
 6.00079e+00  4.00057e+00  0.00000e+00  0.00000e+00  2.52685e+01
 4.95826e+00  4.12171e+00  0.00000e+00  0.00000e+00  8.44092e+01
 5.92895e+00  4.27189e+00  0.00000e+00  0.00000e+00  8.90450e+01
 5.99839e+00  4.00240e+00  0.00000e+00  0.00000e+00  6.93231e+01
 6.74204e+00  4.17228e+00  0.00000e+00  0.00000e+00  8.00432e+01
 5.99835e+00  3.99834e+00  0.00000e+00  0.00000e+00  3.77341e+01
 6.25101e+00  5.35739e+00  0.00000e+00  0.00000e+00  6.51198e+01
 6.00907e+00  4.00747e+00  0.00000e+00  0.00000e+00  8.04036e+01
 5.73979e+00  2.67675e+00  0.00000e+00  0.00000e+00  4.61069e+01
 5.94786e+00  4.11947e+00  0.00000e+00  0.00000e+00  3.07896e+01
 5.96350e+00  4.03196e+00  0.00000e+00  0.00000e+00  2.39251e+01
-2.13023e+00  1.06623e+00  0.00000e+00  0.00000e+00  4.42193e+01
 5.65220e+00  4.31859e+00  0.00000e+00  0.00000e+00  7.63667e+01
 5.99902e+00  4.01505e+00  0.00000e+00  0.00000e+00  5.97085e+01
 6.00917e+00  3.99490e+00  0.00000e+00  0.00000e+00  8.28807e+01
 5.85688e+00  3.58203e+00  0.00000e+00  0.00000e+00  6.81300e+01
 6.04843e+00  4.00183e+00  0.00000e+00  0.00000e+00  8.59519e+01
 5.98808e+00  3.98907e+00  0.00000e+00  0.00000e+00  5.66663e+01
 5.78316e+00  4.15649e+00  0.00000e+00  0.00000e+00  7.46981e+01
 6.00362e+00  3.98921e+00  0.00000e+00  0.00000e+00  2.37588e+01
 1.11836e+01  5.08624e+00  0.00000e+00  0.00000e+00  7.17150e+01
 6.00785e+00  4.01895e+00  0.00000e+00  0.00000e+00  7.30271e+01
-3.01093e+00 -7.15353e-02  0.00000e+00  0.00000e+00  1.05138e+01
 5.75196e+00  4.68781e+00  0.00000e+00  0.00000e+00  6.89831e+01
 7.01854e+00  2.72242e+00  0.00000e+00  0.00000e+00  4.07219e+01
 5.99924e+00  3.99868e+00  0.00000e+00  0.00000e+00  6.87974e+01
 5.99945e+00  4.00132e+00  0.00000e+00  0.00000e+00  2.67638e+01
 6.03588e+00  4.05430e+00  0.00000e+00  0.00000e+00  8.46062e+01
 5.99946e+00  3.99894e+00  0.00000e+00  0.00000e+00  2.72000e+01
 5.99324e+00  4.00529e+00  0.00000e+00  0.00000e+00  8.82032e+01
-4.23771e+00  7.92749e+00  0.00000e+00  0.00000e+00  9.32485e+01
-3.98963e+00  8.09671e+00  0.00000e+00  0.00000e+00  5.51443e+01
-3.22969e+00  7.65479e+00  0.00000e+00  0.00000e+00  5.52568e+01
-3.82998e+00  7.93101e+00  0.00000e+00  0.00000e+00  8.14139e+01
-4.31041e+00  7.79133e+00  0.00000e+00  0.00000e+00  9.95300e+01
-2.18683e+00  7.22047e+00  0.00000e+00  0.00000e+00  8.74309e+01
-4.34960e+00  7.78164e+00  0.00000e+00  0.00000e+00  7.59324e+01
-3.97058e+00  7.81444e+00  0.00000e+00  0.00000e+00  2.62785e+01
-4.75483e+00  7.42151e+00  0.00000e+00  0.00000e+00  1.66955e+01
-3.96303e+00  7.87299e+00  0.00000e+00  0.00000e+00  8.73021e+01
-4.65356e+00  6.90936e+00  0.00000e+00  0.00000e+00  6.11981e+01
-4.32557e+00  7.77393e+00  0.00000e+00  0.00000e+00  5.38557e+01
-3.67014e+00  8.44376e+00  0.00000e+00  0.00000e+00  3.29634e+00
-4.22916e+00  7.28625e+00  0.00000e+00  0.00000e+00  8.32609e+01
-9.66906e+00  7.47174e+00  0.00000e+00  0.00000e+00  4.89810e+01
-1.18309e+01  7.50286e+00  0.00000e+00  0.00000e+00  8.14351e+01
-4.30844e+00  8.27378e+00  0.00000e+00  0.00000e+00  4.52122e+01
-3.21618e+00  8.99632e+00  0.00000e+00  0.00000e+00  2.47033e+01
-1.16296e+01  1.30765e+01  0.00000e+00  0.00000e+00  7.17597e+01
-4.15373e+00  7.92357e+00  0.00000e+00  0.00000e+00  5.82682e+01
-4.86781e+00  8.30312e+00  0.00000e+00  0.00000e+00  9.95165e+01
 2.43456e+00  1.04867e+01  0.00000e+00  0.00000e+00  6.40766e+01
-6.69437e+00  6.11956e+00  0.00000e+00  0.00000e+00  2.19788e+01
-4.06765e+00  7.92803e+00  0.00000e+00  0.00000e+00  7.37939e+01
-5.08538e+00  8.25973e+00  0.00000e+00  0.00000e+00  8.50586e+01
-3.91691e+00  7.97425e+00  0.00000e+00  0.00000e+00  8.99086e+01
-3.80330e+00  6.12375e+00  0.00000e+00  0.00000e+00  5.36742e+01
-3.82239e+00  8.90102e+00  0.00000e+00  0.00000e+00  9.49820e+01
-4.11741e+00  8.02552e+00  0.00000e+00  0.00000e+00  9.67277e+01
-3.59016e+00  8.92581e+00  0.00000e+00  0.00000e+00  7.80224e+01
-3.98907e+00  7.89209e+00  0.00000e+00  0.00000e+00  2.57585e+01
-3.99430e+00  7.91933e+00  0.00000e+00  0.00000e+00  3.31846e+01
-4.49486e+00  8.34930e+00  0.00000e+00  0.00000e+00  5.54448e+01
-6.77395e+00  5.33370e+00  0.00000e+00  0.00000e+00  4.77961e+01
-4.24226e+00  8.29314e+00  0.00000e+00  0.00000e+00  9.16523e+01
-3.88188e+00  8.46715e+00  0.00000e+00  0.00000e+00  8.65434e+01
-2.80810e+00  8.98253e+00  0.00000e+00  0.00000e+00  1.99003e+01
-4.31344e+00  7.58960e+00  0.00000e+00  0.00000e+00  6.76554e+01
-1.01347e+01  3.77208e+00  0.00000e+00  0.00000e+00  5.60872e+01
-6.74039e+00  6.84808e+00  0.00000e+00  0.00000e+00  1.89108e+00
-9.30515e+00  1.59487e+01  0.00000e+00  0.00000e+00  9.23692e+01
-4.17068e+00  7.87414e+00  0.00000e+00  0.00000e+00  8.87197e+01
-1.60511e-01  6.27509e+00  0.00000e+00  0.00000e+00  4.47982e+01
-4.18700e+00  8.01475e+00  0.00000e+00  0.00000e+00  6.39009e+01
 4.89737e-01  7.00211e+00  0.00000e+00  0.00000e+00  2.92889e+01
-2.81875e+00  6.91502e+00  0.00000e+00  0.00000e+00  8.99431e+01
-4.01596e+00  7.07373e+00  0.00000e+00  0.00000e+00  2.72987e+01
 1.11723e+00  6.19973e+00  0.00000e+00  0.00000e+00  8.65679e+01
-4.19708e+00  7.80811e+00  0.00000e+00  0.00000e+00  9.24540e+01
-3.01735e+00  1.02312e+01  0.00000e+00  0.00000e+00  1.67165e+01
-3.87251e+00  8.41789e+00  0.00000e+00  0.00000e+00  1.76239e+01
-1.75644e+00  1.02893e+01  0.00000e+00  0.00000e+00  9.46925e+01
 4.57851e-01  8.38917e+00  0.00000e+00  0.00000e+00  1.19989e+01
-4.37927e+00  8.09329e+00  0.00000e+00  0.00000e+00  9.15221e+01
-3.62626e+00  8.27444e+00  0.00000e+00  0.00000e+00  7.05570e+00
-4.65557e+00  8.51817e+00  0.00000e+00  0.00000e+00  4.36585e+01
-4.78822e+00  1.08441e+01  0.00000e+00  0.00000e+00  9.12391e+01
-7.52828e+00  6.45003e+00  0.00000e+00  0.00000e+00  3.47164e+00
-4.15533e+00  8.07117e+00  0.00000e+00  0.00000e+00  7.53383e+01
-4.04212e+00  8.05347e+00  0.00000e+00  0.00000e+00  3.56664e+00
-7.62231e+00  7.46628e+00  0.00000e+00  0.00000e+00  6.61792e+01
-4.60717e+00  6.15375e+00  0.00000e+00  0.00000e+00  8.89343e+01
-5.09891e+00  6.55757e+00  0.00000e+00  0.00000e+00  5.01679e+00
-3.98157e+00  7.82081e+00  0.00000e+00  0.00000e+00  6.98713e+01
-4.04534e+00  7.90111e+00  0.00000e+00  0.00000e+00  3.12940e+01
-3.97029e+00  5.74572e+00  0.00000e+00  0.00000e+00  8.09371e+01
-3.80526e+00  8.48269e+00  0.00000e+00  0.00000e+00  5.34394e+00
-3.38726e-01  1.07097e+01  0.00000e+00  0.00000e+00  2.44149e+01
-3.65508e+00  8.39674e+00  0.00000e+00  0.00000e+00  5.80523e+00
-3.93214e+00  7.94321e+00  0.00000e+00  0.00000e+00  5.60222e+00
-3.14689e+00  7.56363e+00  0.00000e+00  0.00000e+00  2.56969e+01
-7.67662e+00  5.77188e+00  0.00000e+00  0.00000e+00  5.84585e+01
-4.16755e+00  8.02534e+00  0.00000e+00  0.00000e+00  9.26068e+01
-4.53669e+00  7.91065e+00  0.00000e+00  0.00000e+00  7.29398e+01
-3.58448e+00  1.06365e+01  0.00000e+00  0.00000e+00  6.33585e+01
-1.29415e+01  5.82941e+00  0.00000e+00  0.00000e+00  9.31518e+01
-6.05335e+00  1.09267e+01  0.00000e+00  0.00000e+00  5.22629e+01
-5.74780e+00  9.25678e+00  0.00000e+00  0.00000e+00  6.79904e+01
-4.66892e+00  7.13979e+00  0.00000e+00  0.00000e+00  2.69022e+01
-4.55285e+00  6.18960e+00  0.00000e+00  0.00000e+00  2.14524e+01
-3.84755e+00  5.25306e+00  0.00000e+00  0.00000e+00  6.83574e+01
-3.85459e+00  8.01482e+00  0.00000e+00  0.00000e+00  8.52411e+01
-5.61796e+00  6.81736e+00  0.00000e+00  0.00000e+00  6.67960e+01
-4.14207e+00  7.97607e+00  0.00000e+00  0.00000e+00  2.50210e+01
-4.26560e+00  1.49287e+01  0.00000e+00  0.00000e+00  5.14382e+01
-3.63886e+00  7.69879e+00  0.00000e+00  0.00000e+00  5.31033e+01
-3.96435e+00  7.92535e+00  0.00000e+00  0.00000e+00  7.36747e+01
-4.91892e+00  9.37460e+00  0.00000e+00  0.00000e+00  4.39153e+00
 5.64011e+00  9.45559e+00  0.00000e+00  0.00000e+00  4.87254e+01
-4.07687e+00  8.27937e+00  0.00000e+00  0.00000e+00  8.20146e+01
-4.96485e+00  7.95661e+00  0.00000e+00  0.00000e+00  7.82579e+00
-3.67670e+00  8.83004e+00  0.00000e+00  0.00000e+00  9.23381e+01
 2.31500e+00  9.76486e+00  0.00000e+00  0.00000e+00  2.44858e+01
-4.11420e+00  7.54341e+00  0.00000e+00  0.00000e+00  9.28584e+00
-3.87318e+00  7.96835e+00  0.00000e+00  0.00000e+00  1.66094e+01
-4.22413e+00  8.03448e+00  0.00000e+00  0.00000e+00  7.77505e+01
-3.44647e+00  8.02428e+00  0.00000e+00  0.00000e+00  7.36462e+01
-4.00415e+00  7.90085e+00  0.00000e+00  0.00000e+00  9.64041e+00
-3.97958e+00  7.91433e+00  0.00000e+00  0.00000e+00  1.01480e+01
-4.46822e+00  1.09857e+01  0.00000e+00  0.00000e+00  8.09743e+01
-3.80228e+00  8.13436e+00  0.00000e+00  0.00000e+00  2.77214e+01
-3.95732e+00  8.08150e+00  0.00000e+00  0.00000e+00  7.60862e+01
-3.93918e+00  8.04225e+00  0.00000e+00  0.00000e+00  8.45273e+01
-4.17029e+00  8.26330e+00  0.00000e+00  0.00000e+00  4.56514e+01
-4.34797e+00  8.15272e+00  0.00000e+00  0.00000e+00  3.23983e+01
-8.22032e+00  4.92614e+00  0.00000e+00  0.00000e+00  8.12650e+00
-7.62753e+00  1.15018e+01  0.00000e+00  0.00000e+00  6.59878e+01
-3.90792e+00  8.08057e+00  0.00000e+00  0.00000e+00  5.82450e+01
-3.91364e+00  8.34309e+00  0.00000e+00  0.00000e+00  5.28885e+01
-4.03409e+00  8.08275e+00  0.00000e+00  0.00000e+00  7.68206e+01
 1.94790e+00  1.37295e+01  0.00000e+00  0.00000e+00  5.14936e+01
-6.79736e+00  1.00567e+01  0.00000e+00  0.00000e+00  4.52650e+01
-2.85362e+00  9.80843e+00  0.00000e+00  0.00000e+00  4.33758e+01
-3.61207e+00  8.01325e+00  0.00000e+00  0.00000e+00  1.26222e+01
-1.03754e+01  9.56390e+00  0.00000e+00  0.00000e+00  7.80251e+01
-3.92781e+00  7.68207e+00  0.00000e+00  0.00000e+00  9.10227e+01
 8.94315e-01  2.57056e+00  0.00000e+00  0.00000e+00  4.71826e+00
-8.06603e+00  7.30857e+00  0.00000e+00  0.00000e+00  9.27866e+01
-2.88967e+00  8.91232e+00  0.00000e+00  0.00000e+00  5.96191e+01
-4.19494e+00  7.77005e+00  0.00000e+00  0.00000e+00  5.39413e+01
-4.13623e+00  8.09083e+00  0.00000e+00  0.00000e+00  5.77678e+01
-1.09733e+00  6.42989e+00  0.00000e+00  0.00000e+00  7.89244e+01
-5.04115e+00  9.05416e+00  0.00000e+00  0.00000e+00  9.74906e+00
-3.48990e+00  6.65133e+00  0.00000e+00  0.00000e+00  7.47277e+01
-3.86908e+00  7.94208e+00  0.00000e+00  0.00000e+00  8.31462e+01
-4.09346e+00  7.59308e+00  0.00000e+00  0.00000e+00  5.16139e+01
-4.57587e+00  7.42888e+00  0.00000e+00  0.00000e+00  5.78813e+01
-8.08590e+00  3.98930e-01  0.00000e+00  0.00000e+00  7.55945e+01
-8.04856e+00  5.08170e+00  0.00000e+00  0.00000e+00  1.43942e+01
-3.93151e+00  8.19328e+00  0.00000e+00  0.00000e+00  8.44281e+01
-4.37652e+00  4.03314e+00  0.00000e+00  0.00000e+00  6.66707e+01
-6.26860e+00  1.34448e+01  0.00000e+00  0.00000e+00  8.88433e+01
-3.27264e+00  8.54384e+00  0.00000e+00  0.00000e+00  2.70321e+01
-3.26154e+00  1.02545e+01  0.00000e+00  0.00000e+00  6.57643e+01
-8.87434e-01  6.91289e+00  0.00000e+00  0.00000e+00  5.06915e+01
-3.98375e+00  7.90881e+00  0.00000e+00  0.00000e+00  1.42119e+01
-4.16680e+00  8.58160e+00  0.00000e+00  0.00000e+00  6.44520e+01
-1.82102e+00  5.76474e+00  0.00000e+00  0.00000e+00  6.73996e+01
-4.10723e+00  7.88719e+00  0.00000e+00  0.00000e+00  8.12997e+01
-2.75577e+00 -5.84231e-01  0.00000e+00  0.00000e+00  5.90407e+01
-4.16259e+00  7.85248e+00  0.00000e+00  0.00000e+00  7.74432e+01
-5.45046e+00  1.46567e+01  0.00000e+00  0.00000e+00  8.80009e+01
-2.09093e+00  1.16130e+01  0.00000e+00  0.00000e+00  3.59786e+01
-5.40924e+00  8.52929e+00  0.00000e+00  0.00000e+00  6.47522e+01
-2.41722e+00  9.15963e+00  0.00000e+00  0.00000e+00  8.69440e+01
-8.64062e+00  4.29209e+00  0.00000e+00  0.00000e+00  8.05789e+01
-4.00566e+00  6.63835e+00  0.00000e+00  0.00000e+00  3.66796e+01
-6.01657e+00  9.58381e+00  0.00000e+00  0.00000e+00  5.99644e+01
-3.89973e+00  8.04580e+00  0.00000e+00  0.00000e+00  4.32199e+01
-3.74922e+00  7.76682e+00  0.00000e+00  0.00000e+00  4.60652e+01
-6.28004e+00  8.41419e+00  0.00000e+00  0.00000e+00  2.24415e+01
-3.98576e+00  8.55915e+00  0.00000e+00  0.00000e+00  3.01169e+01
-3.83431e+00  8.16782e+00  0.00000e+00  0.00000e+00  4.80156e+01
-7.80406e+00  8.34466e+00  0.00000e+00  0.00000e+00  8.58866e+01
-2.45497e+00  9.71565e+00  0.00000e+00  0.00000e+00  1.84577e+01
-3.88936e+00  8.00197e+00  0.00000e+00  0.00000e+00  2.88752e+01
-3.86167e+00  7.63879e+00  0.00000e+00  0.00000e+00  6.87527e+01
-3.84424e-01  1.51318e+01  0.00000e+00  0.00000e+00  9.59716e+01
-3.12256e+00  2.38351e+00  0.00000e+00  0.00000e+00  8.61265e+01
-3.98155e+00  8.06686e+00  0.00000e+00  0.00000e+00  5.36115e+01
-4.48209e+00  7.15395e+00  0.00000e+00  0.00000e+00  8.28546e+01
-3.77865e+00  7.82123e+00  0.00000e+00  0.00000e+00  4.05267e+01
-3.94726e+00  8.14199e+00  0.00000e+00  0.00000e+00  1.54711e+01
-4.91783e+00  6.24507e+00  0.00000e+00  0.00000e+00  3.47196e+01
-4.99573e+00  7.79546e+00  0.00000e+00  0.00000e+00  6.40368e+01
-4.20800e+00  7.01957e+00  0.00000e+00  0.00000e+00  5.41140e+01
-1.39224e+00  8.09574e+00  0.00000e+00  0.00000e+00  1.91630e+01
-1.03804e+01 -1.10167e+01  0.00000e+00  0.00000e+00  2.36360e+01
-1.19177e+01 -1.27380e+01  0.00000e+00  0.00000e+00  3.49324e+01
-1.11813e+01 -1.01049e+01  0.00000e+00  0.00000e+00  3.43520e+01
-4.07074e+00 -8.05530e+00  0.00000e+00  0.00000e+00  8.09355e+01
-9.94794e+00 -1.00498e+01  0.00000e+00  0.00000e+00  5.21261e+01
-1.08648e+01 -6.03017e+00  0.00000e+00  0.00000e+00  3.59247e+01
-1.01297e+01 -9.94747e+00  0.00000e+00  0.00000e+00  6.83098e+01
-9.67684e+00 -1.14128e+01  0.00000e+00  0.00000e+00  1.40338e+01
-1.53360e+01 -7.33747e+00  0.00000e+00  0.00000e+00  6.00405e+01
-4.33088e+00 -1.11850e+01  0.00000e+00  0.00000e+00  8.69090e+01
-9.90240e+00 -9.84782e+00  0.00000e+00  0.00000e+00  3.13187e+01
-1.08114e+01 -9.37458e+00  0.00000e+00  0.00000e+00  5.32342e+01
-1.00026e+01 -1.00782e+01  0.00000e+00  0.00000e+00  9.58753e+01
-2.33386e+00 -5.23678e+00  0.00000e+00  0.00000e+00  5.30733e+00
-9.91098e+00 -1.00669e+01  0.00000e+00  0.00000e+00  3.97170e+00
-1.34827e+01 -8.05478e+00  0.00000e+00  0.00000e+00  2.19853e+01
-9.92226e+00 -1.04374e+01  0.00000e+00  0.00000e+00  7.36379e+00
-1.12558e+01 -9.68810e+00  0.00000e+00  0.00000e+00  4.59937e+01
-1.01232e+01 -1.00913e+01  0.00000e+00  0.00000e+00  5.63327e+01
-9.94661e+00 -9.82787e+00  0.00000e+00  0.00000e+00  6.72560e+01
-9.92676e+00 -9.96481e+00  0.00000e+00  0.00000e+00  4.75164e+01
-1.12461e+01 -8.89179e+00  0.00000e+00  0.00000e+00  9.30854e+01
-4.83706e+00 -1.29930e+01  0.00000e+00  0.00000e+00  9.00896e+01
-7.28672e+00 -1.27078e+01  0.00000e+00  0.00000e+00  9.21405e+01
-4.25161e+00 -1.27845e+01  0.00000e+00  0.00000e+00  8.20926e+01
-9.23040e+00 -1.01573e+01  0.00000e+00  0.00000e+00  4.72651e-01
-9.09865e+00 -7.79847e+00  0.00000e+00  0.00000e+00  6.27518e+01
-1.00175e+01 -9.76391e+00  0.00000e+00  0.00000e+00  3.64959e+00
-1.03092e+01 -1.17056e+01  0.00000e+00  0.00000e+00  8.72028e+01
-1.01376e+01 -9.38460e+00  0.00000e+00  0.00000e+00  6.75255e+01
-9.57441e+00 -1.01172e+01  0.00000e+00  0.00000e+00  6.37806e+01
-1.87356e+01 -6.06588e+00  0.00000e+00  0.00000e+00  9.96042e+01
-1.00640e+01 -9.92603e+00  0.00000e+00  0.00000e+00  9.92851e+00
-1.00166e+01 -9.81853e+00  0.00000e+00  0.00000e+00  2.91057e+01
-9.89803e+00 -9.76051e+00  0.00000e+00  0.00000e+00  3.80712e+01
-9.69543e+00 -9.98669e+00  0.00000e+00  0.00000e+00  8.89511e+01
-9.88138e+00 -9.99128e+00  0.00000e+00  0.00000e+00  1.76700e+01
-1.30636e+01 -1.36504e+01  0.00000e+00  0.00000e+00  9.25379e+01
-1.00583e+01 -1.01151e+01  0.00000e+00  0.00000e+00  2.75884e+01
-1.43994e+01 -1.13518e+01  0.00000e+00  0.00000e+00  8.28622e+01
-9.03524e+00 -4.39632e+00  0.00000e+00  0.00000e+00  4.52681e+01
-9.58273e+00 -1.05022e+01  0.00000e+00  0.00000e+00  4.61250e+01
-9.93435e+00 -1.00831e+01  0.00000e+00  0.00000e+00  3.86669e+01
-5.97500e+00 -1.11522e+01  0.00000e+00  0.00000e+00  1.87693e+01
-9.96931e+00 -8.34865e+00  0.00000e+00  0.00000e+00  9.17395e+01
-1.11097e+01 -1.11460e+01  0.00000e+00  0.00000e+00  6.15491e+01
-1.14960e+01 -1.01616e+01  0.00000e+00  0.00000e+00  5.01835e+01
-1.31639e+01 -1.85743e+01  0.00000e+00  0.00000e+00  6.50066e+01
-1.02283e+01 -1.02121e+01  0.00000e+00  0.00000e+00  5.20118e+01
-7.63803e+00 -1.18345e+01  0.00000e+00  0.00000e+00  6.75320e+01
-1.01619e+01 -1.09674e+01  0.00000e+00  0.00000e+00  7.88231e+01
-9.12413e+00 -8.23835e+00  0.00000e+00  0.00000e+00  3.34016e+01
-1.26126e+01 -1.30621e+01  0.00000e+00  0.00000e+00  2.43528e+01
-5.04667e+00 -9.22940e+00  0.00000e+00  0.00000e+00  4.17663e+01
-9.65692e+00 -8.58427e+00  0.00000e+00  0.00000e+00  7.77828e+01
-3.57327e+00 -3.19081e+00  0.00000e+00  0.00000e+00  1.44946e+01
-1.00231e+01 -1.07042e+01  0.00000e+00  0.00000e+00  5.23745e+01
-9.93593e+00 -6.74831e+00  0.00000e+00  0.00000e+00  5.41743e+01
-9.88302e+00 -1.00889e+01  0.00000e+00  0.00000e+00  2.35435e+01
-1.02149e+01 -9.87645e+00  0.00000e+00  0.00000e+00  4.76850e+01
-9.17615e+00 -9.45922e+00  0.00000e+00  0.00000e+00  9.41243e+01
-9.70251e+00 -1.02784e+01  0.00000e+00  0.00000e+00  2.66420e+01
-9.45105e+00 -7.57055e+00  0.00000e+00  0.00000e+00  4.48423e+01
-1.21266e+01 -9.42593e+00  0.00000e+00  0.00000e+00  5.86537e+01
-9.45945e+00 -1.05372e+01  0.00000e+00  0.00000e+00  9.71818e+01
-1.02273e+01 -1.03274e+01  0.00000e+00  0.00000e+00  9.84980e+01
-9.57411e+00 -1.13600e+01  0.00000e+00  0.00000e+00  5.15532e+01
-1.01819e+01 -9.62753e+00  0.00000e+00  0.00000e+00  7.40175e+01
-9.54545e+00 -1.05238e+01  0.00000e+00  0.00000e+00  5.84288e+01
-9.93018e+00 -9.94956e+00  0.00000e+00  0.00000e+00  3.23755e+01
-1.71453e+01 -1.37081e+01  0.00000e+00  0.00000e+00  7.87197e+01
-1.00979e+01 -1.00108e+01  0.00000e+00  0.00000e+00  4.27295e+01
-8.94894e+00 -1.48828e+01  0.00000e+00  0.00000e+00  7.05300e+01
-9.94441e+00 -9.49796e+00  0.00000e+00  0.00000e+00  7.88008e-01
-9.60710e+00 -1.08532e+01  0.00000e+00  0.00000e+00  5.22729e+01
-8.66408e+00 -1.51335e+01  0.00000e+00  0.00000e+00  1.67241e+01
-9.98440e+00 -1.00965e+01  0.00000e+00  0.00000e+00  5.56908e+01
-1.07424e+01 -7.20244e+00  0.00000e+00  0.00000e+00  1.93564e+01
-4.40444e+00 -8.87453e+00  0.00000e+00  0.00000e+00  7.27276e+01
-1.25932e+01 -1.23031e+01  0.00000e+00  0.00000e+00  6.78161e+01
-9.81979e+00 -1.00724e+01  0.00000e+00  0.00000e+00  7.21540e+01
-1.03189e+01 -1.21419e+01  0.00000e+00  0.00000e+00  6.45644e+01
-6.38737e+00 -4.75089e+00  0.00000e+00  0.00000e+00  7.84489e+01
-8.73990e+00 -1.15427e+01  0.00000e+00  0.00000e+00  3.81603e+01
-6.70197e+00 -1.36529e+01  0.00000e+00  0.00000e+00  8.54648e+01
-1.00726e+01 -9.93981e+00  0.00000e+00  0.00000e+00  9.81453e+01
-1.02709e+01 -1.01014e+01  0.00000e+00  0.00000e+00  9.06964e+01
-2.46508e+00 -3.42899e+00  0.00000e+00  0.00000e+00  1.54927e+01
-1.30227e+01 -2.01687e+00  0.00000e+00  0.00000e+00  2.67083e+01
-9.61694e+00 -9.91432e+00  0.00000e+00  0.00000e+00  4.78869e+01
-1.01228e+01 -1.05164e+01  0.00000e+00  0.00000e+00  2.67134e+01
-1.19064e+01 -9.16817e+00  0.00000e+00  0.00000e+00  5.73122e+01
-9.15766e+00 -9.53455e+00  0.00000e+00  0.00000e+00  6.63252e+01
-8.71997e+00 -1.14623e+01  0.00000e+00  0.00000e+00  9.85946e+01
-9.91350e+00 -6.22808e+00  0.00000e+00  0.00000e+00  1.27743e+01
-9.56797e+00 -9.68165e+00  0.00000e+00  0.00000e+00  6.04589e+00
-5.73613e+00 -7.56669e+00  0.00000e+00  0.00000e+00  7.69074e+01
-7.23298e+00 -1.01909e+01  0.00000e+00  0.00000e+00  7.69121e+01
-9.63334e+00 -9.53100e+00  0.00000e+00  0.00000e+00  8.00775e+01
-1.04241e+01 -9.73585e+00  0.00000e+00  0.00000e+00  4.48322e+01
-8.38510e+00 -1.13365e+01  0.00000e+00  0.00000e+00  3.55193e+00
-9.86905e+00 -9.80072e+00  0.00000e+00  0.00000e+00  3.49562e+01
-1.00197e+01 -1.01583e+01  0.00000e+00  0.00000e+00  8.17747e+01
-1.02462e+01 -9.80586e+00  0.00000e+00  0.00000e+00  1.45373e+01
-1.00665e+01 -9.93728e+00  0.00000e+00  0.00000e+00  3.40321e+01
-1.81750e+01 -1.03783e+01  0.00000e+00  0.00000e+00  9.25318e+01
-1.49317e+01 -1.22375e+01  0.00000e+00  0.00000e+00  6.76078e+00
-1.29656e+01 -5.12492e+00  0.00000e+00  0.00000e+00  3.24096e+01
-7.82352e+00 -8.28491e+00  0.00000e+00  0.00000e+00  8.88348e+01
-9.70527e+00 -1.01960e+01  0.00000e+00  0.00000e+00  4.87639e+01
-1.03758e+01 -9.51668e+00  0.00000e+00  0.00000e+00  8.00129e+01
-1.02153e+01 -9.82342e+00  0.00000e+00  0.00000e+00  5.47360e+01
-1.00667e+01 -1.10685e+01  0.00000e+00  0.00000e+00  3.74975e+01
-1.01396e+01 -1.00532e+01  0.00000e+00  0.00000e+00  6.74623e+00
-1.09612e+01 -1.31751e+01  0.00000e+00  0.00000e+00  6.42560e-01
-9.74776e+00 -9.92866e+00  0.00000e+00  0.00000e+00  4.65127e+00
-7.77160e+00 -1.04437e+01  0.00000e+00  0.00000e+00  1.69177e+01
-9.59016e+00 -9.90351e+00  0.00000e+00  0.00000e+00  2.81382e+01
-1.01586e+01 -9.81003e+00  0.00000e+00  0.00000e+00  5.38055e+01
-9.99786e+00 -9.60609e+00  0.00000e+00  0.00000e+00  2.06280e+01
-1.08362e+01 -1.98547e+01  0.00000e+00  0.00000e+00  7.64925e+01
-1.13637e+01 -1.03207e+01  0.00000e+00  0.00000e+00  4.81124e+01
-5.57487e+00 -7.40742e+00  0.00000e+00  0.00000e+00  9.28000e+01
-1.03044e+01 -9.92008e+00  0.00000e+00  0.00000e+00  7.68804e+01
-1.13662e+01 -1.02301e+01  0.00000e+00  0.00000e+00  9.89483e+01
-1.10886e+01 -1.02289e+01  0.00000e+00  0.00000e+00  7.17778e+01
-1.11391e+01 -1.06213e+01  0.00000e+00  0.00000e+00  1.41502e+00
-1.00098e+01 -1.10794e+01  0.00000e+00  0.00000e+00  6.47672e+01
-9.82560e+00 -9.96638e+00  0.00000e+00  0.00000e+00  3.87466e+01
-1.68969e+01 -1.31450e+01  0.00000e+00  0.00000e+00  3.43068e+00
-9.97109e+00 -1.01881e+01  0.00000e+00  0.00000e+00  3.65160e+00
-1.18684e+01 -1.04711e+01  0.00000e+00  0.00000e+00  4.29613e+01
-8.74712e+00 -9.83614e+00  0.00000e+00  0.00000e+00  5.63161e+01
-9.87958e+00 -1.00406e+01  0.00000e+00  0.00000e+00  2.54906e+01
-1.02775e+01 -1.13251e+01  0.00000e+00  0.00000e+00  6.50222e+01
-1.00253e+01 -1.00906e+01  0.00000e+00  0.00000e+00  8.94297e+00
-1.06846e+01 -9.64879e+00  0.00000e+00  0.00000e+00  4.97847e+01
-1.25020e+01 -8.98570e+00  0.00000e+00  0.00000e+00  9.43081e+01
-8.01473e+00 -8.79963e+00  0.00000e+00  0.00000e+00  7.49230e+01
-1.01335e+01 -9.97785e+00  0.00000e+00  0.00000e+00  8.04641e+01
-1.04169e+01 -1.00213e+01  0.00000e+00  0.00000e+00  5.96952e+01
-1.40093e+01 -1.11542e+01  0.00000e+00  0.00000e+00  9.26294e+01
-6.28828e+00 -1.06117e+01  0.00000e+00  0.00000e+00  3.40026e+01
-1.47280e+01 -1.11316e+01  0.00000e+00  0.00000e+00  2.13122e+01
-9.96478e+00 -1.01298e+01  0.00000e+00  0.00000e+00  6.13046e+01
-1.05446e+01 -9.79448e+00  0.00000e+00  0.00000e+00  5.46222e+01
-1.00682e+01 -1.00139e+01  0.00000e+00  0.00000e+00  5.91633e+00
-8.86980e+00 -9.78404e+00  0.00000e+00  0.00000e+00  3.21047e+01
-9.26471e+00 -1.01276e+01  0.00000e+00  0.00000e+00  6.13254e+01
-1.00122e+01 -1.00687e+01  0.00000e+00  0.00000e+00  4.73841e+01
-1.08033e+01 -1.01363e+01  0.00000e+00  0.00000e+00  1.09087e+01
-4.35365e+00 -4.43071e+00  0.00000e+00  0.00000e+00  2.83917e+01
-1.43575e+00 -7.20315e+00  0.00000e+00  0.00000e+00  4.79455e+01
-1.04722e+01 -9.60978e+00  0.00000e+00  0.00000e+00  6.23701e+01
-1.13781e+01 -1.10430e+01  0.00000e+00  0.00000e+00  4.85460e+01
-9.96037e+00 -9.81536e+00  0.00000e+00  0.00000e+00  5.42140e+00
-9.84890e+00 -1.19525e+01  0.00000e+00  0.00000e+00  4.77418e+00
-9.26893e+00 -1.15182e+01  0.00000e+00  0.00000e+00  4.80193e+01
-8.79806e+00 -8.49360e+00  0.00000e+00  0.00000e+00  9.99241e+01
-9.72059e+00 -1.77176e+01  0.00000e+00  0.00000e+00  9.92352e+01
-9.93013e+00 -9.45061e+00  0.00000e+00  0.00000e+00  4.93831e+01
-1.01579e+01 -9.74732e+00  0.00000e+00  0.00000e+00  5.40197e+01
-1.01663e+01 -1.01615e+01  0.00000e+00  0.00000e+00  5.61060e+01
-6.09038e+00 -7.06876e+00  0.00000e+00  0.00000e+00  1.19584e+01
-1.00363e+01 -1.02364e+01  0.00000e+00  0.00000e+00  4.70674e+01
-9.98059e+00 -9.92132e+00  0.00000e+00  0.00000e+00  2.64553e+01
-1.00261e+01 -9.73582e+00  0.00000e+00  0.00000e+00  5.90649e+01
