50
 4.00000e+01
 6.10357e+00  3.83627e+00  0.00000e+00  0.00000e+00  8.04789e+01
 6.00033e+00  3.99895e+00  0.00000e+00  0.00000e+00  2.77796e+01
 5.99765e+00  4.00397e+00  0.00000e+00  0.00000e+00  3.49997e+01
 5.92029e+00  3.97204e+00  0.00000e+00  0.00000e+00  6.65984e+01
 5.96114e+00  4.04430e+00  0.00000e+00  0.00000e+00  9.57007e+01
 6.01497e+00  3.99124e+00  0.00000e+00  0.00000e+00  7.45567e+01
 6.01456e+00  4.01795e+00  0.00000e+00  0.00000e+00  1.14671e+01
 6.11523e+00  6.53257e+00  0.00000e+00  0.00000e+00  8.23759e+01
 6.10047e+00  4.15108e+00  0.00000e+00  0.00000e+00  2.16811e+01
 6.00036e+00  4.00029e+00  0.00000e+00  0.00000e+00  2.96431e+01
 5.99774e+00  3.99982e+00  0.00000e+00  0.00000e+00  6.51376e+01
 5.99516e+00  4.01632e+00  0.00000e+00  0.00000e+00  5.71858e+01
 5.99940e+00  4.00002e+00  0.00000e+00  0.00000e+00  3.63265e+01
 6.00677e+00  3.94888e+00  0.00000e+00  0.00000e+00  7.92922e+01
 5.99891e+00  4.00079e+00  0.00000e+00  0.00000e+00  3.54983e+01
 5.99814e+00  4.00249e+00  0.00000e+00  0.00000e+00  9.27124e+01
-3.92139e+00  8.03682e+00  0.00000e+00  0.00000e+00  5.25995e+01
-7.20251e-01  9.96790e+00  0.00000e+00  0.00000e+00  6.63227e+01
-2.65515e+00  6.88433e+00  0.00000e+00  0.00000e+00  6.41713e+00
-2.99383e+00  8.12719e+00  0.00000e+00  0.00000e+00  6.30958e+00
-3.99420e+00  8.07782e+00  0.00000e+00  0.00000e+00  9.02208e+01
-2.44407e+00  5.87221e+00  0.00000e+00  0.00000e+00  5.39760e+01
-4.15801e+00  8.15797e+00  0.00000e+00  0.00000e+00  5.12535e+01
-4.34769e+00  7.39146e+00  0.00000e+00  0.00000e+00  3.92803e+00
-4.08751e+00  8.03630e+00  0.00000e+00  0.00000e+00  9.30810e+01
-4.44352e+00  5.62750e+00  0.00000e+00  0.00000e+00  7.38534e+01
-5.08833e+00  6.69024e+00  0.00000e+00  0.00000e+00  6.87861e+01
-3.44160e+00  8.95637e+00  0.00000e+00  0.00000e+00  8.80075e+01
-3.08925e+00  6.31286e+00  0.00000e+00  0.00000e+00  2.28968e+01
-2.64340e+00  6.91902e+00  0.00000e+00  0.00000e+00  6.86670e+01
-3.49306e+00  7.85611e+00  0.00000e+00  0.00000e+00  6.57304e+01
-3.30166e+00  7.13660e+00  0.00000e+00  0.00000e+00  9.23970e+01
-4.13651e+00  8.10151e+00  0.00000e+00  0.00000e+00  6.84219e+01
-9.24199e+00 -1.04776e+01  0.00000e+00  0.00000e+00  2.15825e+01
-9.90451e+00 -1.00312e+01  0.00000e+00  0.00000e+00  1.47660e+01
-9.70339e+00 -1.02764e+01  0.00000e+00  0.00000e+00  4.31953e+01
-1.17957e+01 -1.16711e+01  0.00000e+00  0.00000e+00  7.86002e+01
-1.03769e+01 -8.99885e+00  0.00000e+00  0.00000e+00  2.26107e+01
-9.03748e+00 -7.67882e+00  0.00000e+00  0.00000e+00  5.56444e+01
-1.37037e+01 -7.84995e+00  0.00000e+00  0.00000e+00  9.06804e+01
-5.75501e+00 -6.78688e+00  0.00000e+00  0.00000e+00  4.95444e+01
-9.99539e+00 -1.00726e+01  0.00000e+00  0.00000e+00  9.35004e+01
-1.05923e+01 -1.13476e+01  0.00000e+00  0.00000e+00  7.49771e+01
-1.15566e+01 -8.31028e+00  0.00000e+00  0.00000e+00  2.32262e+01
-1.25435e+01 -1.14869e+01  0.00000e+00  0.00000e+00  1.52390e+01
-1.06101e+01 -1.53050e+01  0.00000e+00  0.00000e+00  7.93470e+01
-9.87602e+00 -9.79328e+00  0.00000e+00  0.00000e+00  7.45298e+00
-2.69190e+00 -1.23937e+01  0.00000e+00  0.00000e+00  5.21563e+01
-8.65197e+00 -7.30761e+00  0.00000e+00  0.00000e+00  7.97798e+01
-1.00417e+01 -1.03729e+01  0.00000e+00  0.00000e+00  9.67405e+01
